
0_1
0
0_1
0
0_1
0
0_1
0
0_1
0
0_1
0
0_1
0
0_1
0
0_1
0
0_1
0
0_1
0
0_1
0
0_1
0
0_1
0
0_1
0
0_1
0
0_1
0
0_1
0
0_1
0
0_1
0
0_1
0
0_1
0
0_1
0
0_1
0
0_1
0
0_1
0
0_1
0
0_4
4 (155, 1201) (587, 1204) (585, 1498) (148, 1434)
4 (415, 840) (509, 831) (516, 1093) (421, 1096)
4 (718, 1192) (989, 1182) (1013, 1569) (735, 1527)
4 (803, 735) (1053, 677) (1073, 1016) (826, 1054)
0_3
4 (346, 817) (689, 557) (672, 1358) (335, 1536)
4 (1031, 265) (1061, 1612) (730, 1531) (709, 1190)
0
5_4
4 (154, 1201) (415, 1217) (412, 1482) (149, 1433)
4 (802, 730) (1053, 654) (1074, 1022) (825, 1055)
4 (717, 1201) (987, 1184) (1019, 1568) (738, 1520)
4 (435, 487) (570, 422) (576, 687) (433, 725)
10_1
4 (154, 1206) (583, 1201) (589, 1520) (150, 1455)
15_1
4 (779, 763) (1058, 671) (1073, 1022) (803, 1071)
20_3
4 (552, 1195) (555, 1541) (1077, 1606) (1066, 1217)
4 (290, 498) (287, 746) (425, 698) (428, 427)
4 (5, 1222) (1, 1449) (421, 1520) (427, 1201)
25_1
0
30_1
0
35_4
4 (84, 773) (81, 1065) (1078, 1049) (1078, 606)
4 (92, 319) (77, 633) (868, 481) (845, 103)
4 (802, 1731) (803, 1249) (5, 1239) (3, 1612)
0
5_1
4 (935, 303) (1053, 346) (994, 925) (843, 811)
10_1
0
15_1
0
20_1
0
25_1
0
30_1
0
35_1
0
40_1
0
45_1
0
50_1
0
55_1
0
60_1
0
65_1
0
70_1
0
75_1
0
80_1
0
85_1
0
90_1
0
95_1
0
100_1
0
105_1
0
110_1
0
115_1
0
120_1
0
125_1
0
5_1
0
10_1
4 (431, 703) (548, 698) (552, 1060) (434, 1055)
15_1
4 (431, 703) (548, 698) (552, 1060) (434, 1055)
20_1
4 (431, 703) (548, 698) (552, 1060) (434, 1055)
25_2
4 (431, 703) (548, 698) (552, 1060) (434, 1055)
1 (844, 568)
5_1
1 (393, 681)
10_1
1 (393, 681)
15_1
1 (393, 681)
20_1
2 (393, 681) (111, 28)
25_1
2 (393, 681) (111, 28)
30_1
1 (393, 681)
5_1
1 (666, 644)
5_1
4 (317, 876) (347, 871) (346, 1076) (321, 1087)
10_1
4 (317, 876) (347, 871) (346, 1076) (321, 1087)
15_1
4 (317, 876) (347, 871) (346, 1076) (321, 1087)
20_1
4 (317, 876) (347, 871) (346, 1076) (321, 1087)
25_1
4 (317, 876) (347, 871) (346, 1076) (321, 1087)
30_1
4 (317, 876) (347, 871) (346, 1076) (321, 1087)
35_2
4 (317, 876) (347, 871) (346, 1076) (321, 1087)
4 (583, 681) (787, 644) (794, 1065) (585, 1049)
40_2
4 (317, 876) (347, 871) (346, 1076) (321, 1087)
4 (583, 681) (787, 644) (794, 1065) (585, 1049)
45_2
4 (317, 876) (347, 871) (346, 1076) (321, 1087)
4 (583, 681) (787, 644) (794, 1065) (585, 1049)
5_1
2 (591, 362) (580, 1785)
10_1
2 (591, 362) (580, 1785)
5_1
4 (417, 838) (483, 827) (493, 1093) (424, 1098)
5_1
2 (435, 368) (428, 1493)
10_1
4 (193, 341) (448, 314) (479, 1358) (170, 1352)
5_1
4 (385, 281) (603, 211) (595, 1011) (405, 882)
10_1
4 (402, 881) (402, 881) (402, 881) (402, 881)
5_1
2 (614, 373) (582, 1385)
10_1
2 (610, 379) (580, 1384)
15_1
2 (580, 375) (540, 1378)
20_1
4 (504, 1217) (880, 1201) (898, 1612) (499, 1563)
25_1
4 (281, 1222) (646, 1209) (671, 1621) (263, 1572)
30_1
4 (60, 1223) (430, 1214) (449, 1632) (27, 1582)
35_1
4 (0, 1226) (791, 1255) (789, 1731) (0, 1595)
40_1
4 (0, 1231) (718, 1269) (708, 1754) (0, 1622)
45_1
4 (0, 1234) (653, 1286) (639, 1776) (0, 1625)
50_1
4 (0, 1289) (612, 1359) (593, 1857) (0, 1709)
55_2
4 (0, 1601) (586, 1744) (588, 1920) (14, 1920)
4 (684, 460) (692, 838) (2, 957) (27, 654)
60_3
4 (0, 1920) (0, 1920) (0, 1920) (0, 1920)
4 (660, 803) (656, 1233) (-7, 1320) (23, 990)
4 (517, 443) (519, 709) (675, 660) (672, 373)
65_3
4 (0, 1795) (0, 1795) (0, 1795) (0, 1795)
4 (612, 922) (611, 1372) (0, 1467) (0, 1118)
4 (475, 553) (471, 826) (633, 773) (627, 483)
70_3
4 (0, 1824) (0, 1824) (0, 1824) (0, 1824)
4 (536, 909) (525, 1378) (0, 1485) (0, 1115)
4 (410, 538) (395, 812) (562, 757) (560, 464)
75_3
4 (0, 1830) (0, 1830) (0, 1830) (0, 1830)
4 (204, 837) (163, 1333) (8, 1390) (6, 942)
4 (73, 453) (26, 724) (227, 664) (232, 374)
80_1
0
85_1
0
90_1
0
95_1
0
100_1
0
105_1
0
110_1
0
115_5
4 (481, 719) (631, 736) (618, 990) (463, 990)
4 (597, 1363) (3, 1330) (0, 1541) (589, 1644)
4 (603, 1287) (616, 1028) (9, 1028) (0, 1228)
4 (419, 736) (418, 968) (2, 946) (16, 746)
4 (31, 476) (16, 692) (633, 671) (641, 443)
120_5
4 (491, 689) (646, 707) (631, 969) (479, 971)
4 (610, 1360) (6, 1325) (0, 1542) (602, 1660)
4 (617, 1272) (630, 1012) (8, 1014) (0, 1217)
4 (428, 710) (426, 950) (0, 927) (16, 723)
4 (30, 446) (16, 666) (648, 635) (656, 403)
125_6
4 (530, 650) (697, 666) (673, 942) (518, 949)
4 (660, 1351) (34, 1322) (14, 1570) (651, 1678)
4 (664, 1262) (678, 987) (36, 1000) (30, 1207)
4 (468, 677) (464, 925) (28, 912) (41, 701)
4 (50, 414) (41, 642) (697, 589) (704, 349)
0
130_6
4 (647, 553) (815, 548) (811, 836) (633, 821)
4 (782, 1261) (139, 1235) (133, 1484) (781, 1579)
4 (785, 1187) (795, 879) (136, 909) (134, 1118)
4 (587, 561) (590, 821) (132, 820) (133, 600)
4 (100, 335) (81, 553) (816, 451) (831, 181)
0
135_6
4 (724, 423) (889, 411) (904, 715) (704, 709)
4 (888, 1186) (65, 1163) (61, 1404) (890, 1495)
4 (896, 1080) (900, 779) (108, 824) (93, 1065)
4 (652, 433) (661, 709) (181, 727) (161, 498)
4 (134, 226) (134, 446) (894, 297) (912, 4)
0
140_6
4 (784, 288) (960, 265) (977, 598) (764, 595)
4 (964, 1103) (92, 1079) (109, 1331) (967, 1456)
4 (971, 985) (975, 665) (137, 730) (134, 982)
4 (706, 303) (711, 597) (217, 634) (199, 390)
4 (158, 104) (155, 343) (958, 150) (652, 0)
0
145_6
4 (904, 196) (1080, 164) (1080, 521) (871, 515)
4 (1080, 1067) (196, 1050) (208, 1315) (1080, 1481)
4 (1080, 941) (1080, 594) (239, 690) (233, 949)
4 (819, 215) (813, 524) (315, 587) (294, 336)
4 (242, 43) (249, 286) (1080, 24) (736, 0)
0
5_1
4 (351, 530) (569, 671) (567, 1174) (370, 1201)
10_1
4 (348, 529) (565, 670) (566, 1173) (372, 1200)
15_1
4 (323, 529) (532, 673) (526, 1174) (345, 1200)
5_4
4 (179, 925) (310, 736) (312, 1358) (194, 1525)
4 (724, 779) (822, 654) (820, 1082) (698, 1222)
4 (979, 151) (1024, 227) (1009, 698) (955, 654)
4 (417, 368) (552, 395) (564, 671) (453, 811)
5_1
1 (377, 460)
5_2
4 (240, 504) (231, 953) (436, 978) (472, 391)
4 (788, 275) (834, 909) (1009, 752) (994, 185)
10_2
4 (237, 503) (227, 953) (433, 977) (470, 390)
4 (786, 273) (832, 908) (1005, 749) (990, 183)
15_2
4 (218, 497) (206, 950) (408, 978) (445, 390)
4 (765, 276) (795, 923) (962, 757) (953, 193)
20_2
4 (58, 484) (37, 951) (247, 981) (289, 386)
4 (608, 290) (626, 939) (785, 773) (788, 218)
25_2
4 (0, 417) (0, 958) (30, 976) (76, 366)
4 (400, 288) (412, 945) (562, 782) (574, 230)
30_2
4 (0, 327) (0, 915) (0, 915) (0, 270)
4 (195, 275) (206, 942) (361, 781) (381, 224)
35_2
4 (0, 316) (0, 940) (0, 940) (0, 198)
4 (89, 259) (88, 941) (248, 781) (275, 215)
40_2
4 (0, 309) (0, 907) (0, 907) (0, 162)
4 (31, 254) (22, 937) (184, 781) (218, 210)
45_2
4 (0, 309) (0, 904) (0, 904) (0, 157)
4 (0, 251) (0, 940) (131, 784) (172, 213)
50_2
4 (6, 357) (1, 948) (1, 948) (6, 207)
4 (0, 298) (0, 1005) (103, 828) (150, 262)
55_2
4 (17, 633) (17, 1142) (17, 1142) (39, 509)
4 (27, 593) (18, 1147) (88, 1109) (168, 570)
60_2
4 (13, 969) (0, 1471) (0, 1471) (31, 824)
4 (23, 922) (0, 1471) (45, 1472) (174, 908)
65_2
4 (0, 1098) (0, 1613) (0, 1613) (0, 867)
4 (0, 1040) (0, 1613) (0, 1628) (117, 1036)
70_2
4 (0, 1084) (0, 1627) (0, 1627) (0, 825)
4 (0, 1024) (0, 1627) (0, 1638) (45, 1030)
75_2
4 (0, 911) (0, 1591) (0, 1591) (0, 544)
4 (0, 879) (0, 1591) (0, 1605) (0, 887)
80_1
0